(113.409802, 23.059686), (113.409844, 23.058859)
(113.409844, 23.058859), (113.409594, 23.058103)
(113.409594, 23.058103), (113.409272, 23.057593)
(113.409272, 23.057593), (113.411782, 23.056641)
(113.411782, 23.056641), (113.411918, 23.056433)
(113.411918, 23.056433), (113.412629, 23.056202)
(113.412629, 23.056202), (113.412685, 23.053486)
(113.412685, 23.053486), (113.411602, 23.053488)
(113.411602, 23.053488), (113.411442, 23.053034)
(113.411442, 23.053034), (113.411080, 23.052478)
(113.411080, 23.052478), (113.410938, 23.052172)
(113.410938, 23.052172), (113.410585, 23.053162)
(113.410585, 23.053162), (113.410373, 23.053657)
(113.410373, 23.053657), (113.409157, 23.054116)
(113.409157, 23.054116), (113.409016, 23.054260)
(113.409016, 23.054260), (113.409092, 23.054356)
(113.409092, 23.054356), (113.408719, 23.054697)
(113.408719, 23.054697), (113.408490, 23.054680)
(113.408490, 23.054680), (113.408538, 23.054338)
(113.408538, 23.054338), (113.408953, 23.053906)
(113.408953, 23.053906), (113.408843, 23.053460)
(113.408843, 23.053460), (113.408761, 23.053103)
(113.408761, 23.053103), (113.408274, 23.052502)
(113.408274, 23.052502), (113.408185, 23.052561)
(113.408185, 23.052561), (113.408363, 23.052784)
(113.408363, 23.052784), (113.408028, 23.053116)
(113.408028, 23.053116), (113.408039, 23.053542)
(113.408039, 23.053542), (113.407852, 23.053601)
(113.407852, 23.053601), (113.407829, 23.053800)
(113.407829, 23.053800), (113.407529, 23.053837)
(113.407529, 23.053837), (113.407233, 23.054031)
(113.407233, 23.054031), (113.407250, 23.054167)
(113.407250, 23.054167), (113.407343, 23.054248)
(113.407343, 23.054248), (113.407260, 23.054669)
(113.407260, 23.054669), (113.406883, 23.054671)
(113.406883, 23.054671), (113.406400, 23.054345)
(113.406400, 23.054345), (113.406305, 23.054425)
(113.406305, 23.054425), (113.406700, 23.054689)
(113.409700, 23.059686), (113.409802, 23.059686)
(113.409700, 23.059686), (113.409728, 23.058916)
(113.409728, 23.058916), (113.409277, 23.058947)
(113.409277, 23.058947), (113.407330, 23.058254)
(113.407330, 23.058254), (113.407347, 23.058006)
(113.407347, 23.058006), (113.407002, 23.058066)
(113.407002, 23.058066), (113.406986, 23.057978)
(113.406986, 23.057978), (113.407319, 23.057892)
(113.407319, 23.057892), (113.407314, 23.057645)
(113.407314, 23.057645), (113.406392, 23.057673)
(113.407414, 23.058190), (113.407417, 23.057997)
(113.407417, 23.057997), (113.407614, 23.057995)
(113.407614, 23.057995), (113.407618, 23.058259)
(113.407618, 23.058259), (113.407414, 23.058190)
(113.407694, 23.058285), (113.407697, 23.058153)
(113.407697, 23.058153), (113.408016, 23.058138)
(113.408016, 23.058138), (113.408013, 23.058401)
(113.408013, 23.058401), (113.407694, 23.058285)
(113.408089, 23.058436), (113.408103, 23.058146)
(113.408103, 23.058146), (113.408750, 23.058149)
(113.408750, 23.058149), (113.408792, 23.058678)
(113.408792, 23.058678), (113.408089, 23.058436)
(113.408879, 23.058709), (113.409277, 23.058845)
(113.409277, 23.058845), (113.409702, 23.058819)
(113.409702, 23.058819), (113.409482, 23.058168)
(113.409482, 23.058168), (113.408838, 23.058146)
(113.408838, 23.058146), (113.408879, 23.058709)
(113.407683, 23.058069), (113.408067, 23.058058)
(113.408067, 23.058058), (113.408800, 23.058079)
(113.408800, 23.058079), (113.409439, 23.058075)
(113.409439, 23.058075), (113.409140, 23.057630)
(113.409140, 23.057630), (113.407689, 23.057673)
(113.407689, 23.057673), (113.407683, 23.058069)
(113.407419, 23.057904), (113.407607, 23.057898)
(113.407607, 23.057898), (113.407608, 23.057697)
(113.407608, 23.057697), (113.407400, 23.057684)
(113.407400, 23.057684), (113.407419, 23.057904)
(113.406392, 23.057545), (113.406392, 23.057673)
(113.406392, 23.057545), (113.407473, 23.057532)
(113.407473, 23.057532), (113.407473, 23.056927)
(113.407473, 23.056927), (113.407394, 23.056879)
(113.407394, 23.056879), (113.407367, 23.056732)
(113.407367, 23.056732), (113.407394, 23.056611)
(113.407394, 23.056611), (113.407387, 23.056378)
(113.407387, 23.056378), (113.407350, 23.055977)
(113.407350, 23.055977), (113.407361, 23.055623)
(113.407361, 23.055623), (113.407320, 23.055123)
(113.407320, 23.055123), (113.407277, 23.054794)
(113.407277, 23.054794), (113.406871, 23.054794)
(113.406871, 23.054794), (113.406700, 23.054689)
(113.407560, 23.057521), (113.407560, 23.056953)
(113.407560, 23.056953), (113.407655, 23.056883)
(113.407655, 23.056883), (113.407656, 23.056695)
(113.407656, 23.056695), (113.407610, 23.056618)
(113.407610, 23.056618), (113.407594, 23.056386)
(113.407594, 23.056386), (113.408512, 23.056380)
(113.408512, 23.056380), (113.408591, 23.056778)
(113.408591, 23.056778), (113.408512, 23.056868)
(113.408512, 23.056868), (113.408512, 23.057521)
(113.408512, 23.057521), (113.407560, 23.057521)
(113.408576, 23.057536), (113.408576, 23.056912)
(113.408576, 23.056912), (113.408627, 23.056868)
(113.408627, 23.056868), (113.409081, 23.057530)
(113.409081, 23.057530), (113.408576, 23.057536)
(113.407424, 23.056799), (113.407422, 23.056715)
(113.407422, 23.056715), (113.407434, 23.056661)
(113.407434, 23.056661), (113.407584, 23.056659)
(113.407584, 23.056659), (113.407585, 23.056700)
(113.407585, 23.056700), (113.407585, 23.056825)
(113.407585, 23.056825), (113.407528, 23.056855)
(113.407528, 23.056855), (113.407424, 23.056799)
(113.407434, 23.056611), (113.407424, 23.056380)
(113.407424, 23.056380), (113.407555, 23.056388)
(113.407555, 23.056388), (113.407576, 23.056611)
(113.407576, 23.056611), (113.407434, 23.056611)
(113.407576, 23.056282), (113.407569, 23.056036)
(113.407569, 23.056036), (113.408488, 23.056027)
(113.408488, 23.056027), (113.408489, 23.056272)
(113.408489, 23.056272), (113.407576, 23.056282)
(113.407410, 23.055949), (113.407518, 23.055964)
(113.407518, 23.055964), (113.407523, 23.055623)
(113.407523, 23.055623), (113.407474, 23.055601)
(113.407474, 23.055601), (113.407401, 23.055634)
(113.407401, 23.055634), (113.407410, 23.055949)
(113.407404, 23.055551), (113.407377, 23.055162)
(113.407377, 23.055162), (113.407482, 23.055164)
(113.407482, 23.055164), (113.407465, 23.055540)
(113.407465, 23.055540), (113.407404, 23.055551)
(113.407365, 23.055078), (113.407333, 23.054799)
(113.407333, 23.054799), (113.407452, 23.054788)
(113.407452, 23.054788), (113.407481, 23.055067)
(113.407481, 23.055067), (113.407365, 23.055078)
(113.407330, 23.054686), (113.407453, 23.054686)
(113.407453, 23.054686), (113.407491, 23.054263)
(113.407491, 23.054263), (113.407431, 23.054260)
(113.407431, 23.054260), (113.407330, 23.054686)
(113.407605, 23.055815), (113.407607, 23.055522)
(113.407607, 23.055522), (113.407501, 23.055540)
(113.407501, 23.055540), (113.407529, 23.055108)
(113.407529, 23.055108), (113.407538, 23.054792)
(113.407538, 23.054792), (113.408689, 23.054829)
(113.408689, 23.054829), (113.408492, 23.055580)
(113.408492, 23.055580), (113.408457, 23.055936)
(113.408457, 23.055936), (113.407605, 23.055815)
(113.407516, 23.054686), (113.407532, 23.054278)
(113.407532, 23.054278), (113.407862, 23.054224)
(113.407862, 23.054224), (113.408442, 23.054371)
(113.408442, 23.054371), (113.408400, 23.054691)
(113.408400, 23.054691), (113.407516, 23.054686)
(113.407422, 23.054193), (113.407336, 23.054141)
(113.407336, 23.054141), (113.407322, 23.054062)
(113.407322, 23.054062), (113.407546, 23.053916)
(113.407546, 23.053916), (113.407832, 23.053889)
(113.407832, 23.053889), (113.407819, 23.054079)
(113.407819, 23.054079), (113.407422, 23.054193)
(113.408112, 23.053543), (113.408115, 23.053155)
(113.408115, 23.053155), (113.408428, 23.052857)
(113.408428, 23.052857), (113.408677, 23.053132)
(113.408677, 23.053132), (113.408740, 23.053439)
(113.408740, 23.053439), (113.408112, 23.053543)
(113.407897, 23.054135), (113.407901, 23.053849)
(113.407901, 23.053849), (113.407930, 23.053663)
(113.407930, 23.053663), (113.408747, 23.053542)
(113.408747, 23.053542), (113.408837, 23.053893)
(113.408837, 23.053893), (113.408479, 23.054271)
(113.408479, 23.054271), (113.407897, 23.054135)
(113.409187, 23.057491), (113.408680, 23.056758)
(113.408680, 23.056758), (113.408579, 23.056293)
(113.408579, 23.056293), (113.408544, 23.055982)
(113.408544, 23.055982), (113.408574, 23.055590)
(113.408574, 23.055590), (113.408778, 23.054795)
(113.408778, 23.054795), (113.409173, 23.054405)
(113.409173, 23.054405), (113.409602, 23.054209)
(113.409602, 23.054209), (113.409582, 23.054131)
(113.409582, 23.054131), (113.409176, 23.054319)
(113.409176, 23.054319), (113.409117, 23.054262)
(113.409117, 23.054262), (113.409210, 23.054193)
(113.409210, 23.054193), (113.410426, 23.053746)
(113.410426, 23.053746), (113.411454, 23.053694)
(113.411454, 23.053694), (113.411499, 23.054684)
(113.411499, 23.054684), (113.411058, 23.054710)
(113.411058, 23.054710), (113.411066, 23.054812)
(113.411066, 23.054812), (113.411495, 23.054801)
(113.411495, 23.054801), (113.411535, 23.056146)
(113.411535, 23.056146), (113.411653, 23.056581)
(113.411653, 23.056581), (113.409187, 23.057491)
(113.410496, 23.053625), (113.410666, 23.053222)
(113.410666, 23.053222), (113.411229, 23.052937)
(113.411229, 23.052937), (113.411339, 23.053067)
(113.411339, 23.053067), (113.411478, 23.053491)
(113.411478, 23.053491), (113.410496, 23.053625)
(113.411596, 23.054321), (113.411593, 23.053623)
(113.411593, 23.053623), (113.412554, 23.053625)
(113.412554, 23.053625), (113.412543, 23.054312)
(113.412543, 23.054312), (113.411596, 23.054321)
(113.411605, 23.055147), (113.411601, 23.054455)
(113.411601, 23.054455), (113.412537, 23.054468)
(113.412537, 23.054468), (113.412529, 23.055138)
(113.412529, 23.055138), (113.411605, 23.055147)
(113.411610, 23.056092), (113.411615, 23.055287)
(113.411615, 23.055287), (113.412537, 23.055277)
(113.412537, 23.055277), (113.412518, 23.056092)
(113.412518, 23.056092), (113.411610, 23.056092)
(113.410698, 23.053104), (113.410926, 23.052390)
(113.410926, 23.052390), (113.411182, 23.052827)
(113.411182, 23.052827), (113.410698, 23.053104)
